53.6616888131246, -2.02113302831658
53.6442838095157, -2.03703731967712
53.6175832092561, -2.02393759520839
53.6148794596617, -2.01303740600498
53.5888837890772, -1.97583646939774
53.5457817182973, -1.92473115613438
53.543587433492, -1.91003678684513
53.5380913772615, -1.90463157835076
53.5305857019936, -1.91612882748847
53.5211866685297, -1.92023473021093
53.5182849963446, -1.92263813841863
53.5130844889492, -1.91492673815881
53.5030915376367, -1.95093361480616
53.5049858300307, -1.97193354325377
53.4906856967525, -1.97382687339373
53.4832894401916, -1.98023578730773
53.4755866738522, -1.98233355743404
53.4626886188647, -1.9851252835656
53.4543830128746, -1.98312529313669
53.4396879866677, -2.00102994817138
53.4345910611841, -2.01013622979208
53.4356873820694, -2.01293623421923
53.4286845225047, -2.01892391480835
53.4198848710144, -2.01822780204634
53.4121917783752, -1.9907239386606
53.3843904195103, -2.00423056741708
53.3811898719714, -2.01263374601942
53.3689914716108, -2.01912251527624
53.3699876849664, -2.02692311136399
53.3641863968734, -2.03982772979961
53.3639854511704, -2.04842302383029
53.3593897162477, -2.05432278811048
53.3547887256254, -2.06932571966188
53.3567919890956, -2.08502962687544
53.3633892842172, -2.09722958608813
53.3628929510436, -2.10982081854253
53.3668937584883, -2.12702327652877
53.3646877147153, -2.13852763264519
53.3552922618136, -2.14052535168983
53.3537923041776, -2.14702558221102
53.3422895375502, -2.14482314128568
53.3313935067645, -2.15342015298314
53.3250939420029, -2.16572353044174
53.3309865338549, -2.18082195189871
53.3402907802174, -2.18602781697616
53.3489851321407, -2.18453349194308
53.3538897469617, -2.19773034870413
53.3593882534011, -2.23842980894159
53.3600843410564, -2.25392523013996
53.3487077391996, -2.28064131767604
53.3484800140306, -2.28191666231112
53.3417188375917, -2.29011761667968
53.3422057859845, -2.29315485653493
53.344953684673, -2.29422515148094
53.3450395414422, -2.30301271373562
53.3503154913451, -2.3066855590332
53.3572830341106, -2.31986727115175
53.3598049192386, -2.32132863448877
53.3610304353848, -2.33008304939629
53.3643037792203, -2.33916980052515
53.3668196904972, -2.33949036023926
53.3689574386084, -2.34936632334883
53.3697691731647, -2.36348537472623
53.3661738255058, -2.36930061326465
53.3669688923635, -2.38227683808544
53.3713694673791, -2.38903456676923
53.3730459063871, -2.39854903822026
53.3848402405612, -2.41661046189471
53.3958745624423, -2.45456999207653
53.397090273676, -2.46333557369318
53.3957509266682, -2.46795284443078
53.3967081027225, -2.47367807052632
53.3956406719711, -2.48210273439055
53.3982090792949, -2.48930551305489
53.398406033679, -2.48509675663035
53.4021946026651, -2.47507765711621
53.4153252731274, -2.4617735596194
53.4211302580311, -2.45044564852353
53.4292811146418, -2.45092317129726
53.4442920859883, -2.47411716464729
53.4624885359409, -2.49102372067746
53.4740869917574, -2.49242321967565
53.4815840173121, -2.49662384270221
53.4753836475114, -2.5090265207047
53.4667851188167, -2.54882689484757
53.4523901717613, -2.54582527643171
53.4530885344077, -2.56762418363093
53.4457869524138, -2.56821938239739
53.4436873621239, -2.58052172192153
53.4493878132664, -2.5783258113215
53.4431824149227, -2.59001468227588
53.4502813986102, -2.6030175905585
53.462990057539, -2.60681268364761
53.4684843310173, -2.61341387540132
53.4768850269495, -2.61412269803993
53.4876895027025, -2.62791808562502
53.4857887853624, -2.64222190466884
53.4873811638807, -2.65192150057941
53.4934880502734, -2.65781833812919
53.4992864221029, -2.66901851672635
53.4987827889316, -2.68021130327381
53.5065864542547, -2.70931577454654
53.512883353193, -2.72051986714344
53.5094817869921, -2.73151493722347
53.519780538004, -2.75071144115658
53.5303863074762, -2.72461877391564
53.5358845916193, -2.71911495601059
53.5457839700088, -2.71861876956357
53.5640807120161, -2.7072127468717
53.5723790817141, -2.72192391077684
53.5885794478193, -2.71842334767708
53.5984794845236, -2.70571722608238
53.6144838563438, -2.69411797728442
53.6118839849566, -2.68671418666752
53.6126878856873, -2.66372138860772
53.6143841621289, -2.64612260202448
53.6093810113973, -2.6354208231586
53.5960851532969, -2.62212122099987
53.6037889898966, -2.6062154283972
53.6128853059975, -2.60442610061436
53.6168803505655, -2.59822476359114
53.615885230724, -2.58681276703547
53.6049830579307, -2.57742770221419
53.6015851256322, -2.56621395055025
53.6057799301394, -2.55141403069045
53.6168884213375, -2.54182354253865
53.6322878449912, -2.51481567575816
53.6232845795572, -2.47042197962656
53.6279774303685, -2.44912358138632
53.6326868952634, -2.44682963382448
53.6447825938544, -2.45701690264758
53.6479856892949, -2.44662837307846
53.6390816189039, -2.42852062911801
53.6246795889334, -2.42172199876073
53.6259866491683, -2.40502733271164
53.6316864252087, -2.39932042150849
53.6368877984536, -2.37232790008701
53.6524867656719, -2.370922200457
53.6582794220215, -2.36663031138112
53.6642831573366, -2.34871866949303
53.6575828417203, -2.32461959546678
53.6593839201017, -2.31662861790539
53.6518798929323, -2.30932540921865
53.650384834569, -2.29991949224244
53.624380393222, -2.27821994579651
53.6193854241949, -2.25702233434918
53.6365838417564, -2.26753215026269
53.6476831871793, -2.2680260443281
53.6578806609085, -2.25342842948186
53.6628802757405, -2.25662129646314
53.6684853787948, -2.23652553056848
53.6726785838413, -2.23412716533006
53.655583328396, -2.21483159666891
53.647779471504, -2.18373450909713
53.637286294811, -2.18042205297735
53.6379821094174, -2.16542173286213
53.6450845903186, -2.15743235150699
53.6541832084988, -2.16223227873581
53.6623833151406, -2.15322940601413
53.6804835618892, -2.14012383771718
53.6862849038174, -2.14432220943573
53.6915802187621, -2.14323487702276
53.670678649918, -2.11363354117476
53.672681802367, -2.10513211826665
53.6708773198198, -2.09162625677131
53.6790830432134, -2.07972972852941
53.6817869381847, -2.04933381362425
53.6673819208701, -2.04153761332585
53.6616888131246, -2.02113302831658